71.5199881,91.59696843,424.8073027
91.03587479,0.587653365,474.5602497
16.44338056,79.10135137,292.888385
67.99056712,90.54204476,711.6250463
93.1581701,81.20904892,472.4302686
31.96813111,79.7385603,596.8508138
40.9650733,64.12868241,661.9678756
58.37681311,42.17600266,190.7644494
50.68063244,52.48406512,665.7418283
88.60130678,26.87500239,81.84530565
11.09141265,47.96406676,543.8438353
77.30725569,70.69444062,501.9178696
93.51460601,42.05388139,879.8487909
5.136207233,94.81391207,274.8137285
52.07889241,36.21727234,925.277192
17.85661847,78.59782443,56.17050029
90.81270822,60.31317753,117.4632385
60.86408775,90.68092269,538.2120562
15.41990813,28.96017974,1.64823177
35.94757717,22.57585196,721.9769751
44.02532322,8.653268954,854.5449313
99.39614032,98.16112654,795.3333993
35.33226786,12.77576412,209.6808632
13.92638414,10.82568544,368.0924393
80.49327587,16.23879145,983.348396
41.52661058,5.569207699,819.8374069
23.49068804,2.529049055,688.8284098
32.97888446,4.96038934,196.8466346
37.19946735,60.85425499,178.5376797
38.34424104,70.81939828,93.31779871
90.82534912,71.59991592,14.44945835
33.60856939,98.67436625,253.2029797
34.60342175,42.23172126,599.4059363
23.5246921,24.62609672,862.7057255
3.07249817,47.37057819,439.927497
2.866741655,44.24570111,510.4377606
11.73865414,8.261199711,665.1104557
21.35384971,4.762204453,37.99553835
48.64335073,47.48130948,289.7777249
11.19839595,84.10471816,601.7176747
24.63874674,95.93052206,175.2277905
57.8574511,7.220472358,276.3854327
46.44239847,54.51186325,708.7771693
56.4430056,31.10218222,967.728959
73.793877,32.26857367,658.8109111
33.15292778,86.07549251,867.1226471
79.49777826,80.33497151,967.8632099
81.72212727,21.87630187,546.0691566
33.32087434,20.2518263,733.944867
91.38677,53.19124226,29.45384234
96.28180763,64.94852252,524.4262468
85.03159084,19.7252853,331.1406426
68.70245442,59.55607133,853.3148512
76.61453157,17.46074967,416.5849272
69.03423423,29.48838437,586.9685857
65.32245905,96.13618319,28.83252964
55.93847082,6.046716688,830.8242686
87.6086156,23.33413478,236.2165648
21.10368307,21.76476989,818.245549
10.56853601,81.58942534,957.2761278
28.06232905,14.30950084,702.4193478
40.18565032,43.89955005,487.7149142
14.75485238,24.9668991,95.8216884
70.76903513,79.01548922,337.9683291
51.30016995,14.16914398,427.8758714
60.37196405,15.73733857,22.61694488
4.925576865,95.95314995,50.17979157
32.23318632,65.479787,95.72086074
86.8997499,62.88488689,941.2049476
23.29037645,62.28464455,706.8436001
64.21311754,22.19356104,90.98378098
24.74643506,23.89777013,128.8414934
81.9111294,52.39255912,782.2439184
37.92715501,43.91111237,695.9708285
77.06864514,8.156198537,796.2633931
85.97974026,91.12658335,255.8002757
80.81708286,48.2991579,181.2828928
57.1245624,84.11768763,598.9830767
89.54487976,83.37996194,690.1062608
77.63098294,45.85554313,757.4688964
64.86962659,12.0568477,16.51081647
58.55617191,42.61935299,815.8454541
16.24710869,33.09323324,510.306406
39.74822026,41.23274575,786.6222766
61.18773069,8.690328536,410.9549502
36.7087029,3.588240869,549.4785224
38.45581414,77.693636,425.3473325
53.85554608,91.92045086,430.5714025
76.68048543,5.010197406,157.211185
34.4375916,20.64188957,902.9207099
94.36956328,48.59560855,433.2077357
37.48280197,65.78497906,684.8132371
25.44032048,10.36596618,245.5763882
49.8299674,54.21405117,474.8324982
37.88825149,12.30446259,339.3584134
4.061313549,14.29796417,443.0704304
97.32564384,8.245976597,700.0640258
26.30422573,6.905606427,143.799515
70.6562497,85.94551328,342.0710588
79.59101399,47.64434297,829.9703871
90.16434043,9.386056491,558.4928596
10.82947385,44.7136271,788.1377906
28.16267463,57.96446163,617.4423462
15.27370584,44.75529718,414.724575
0.138576872,45.7525612,127.3303851
86.49603909,89.13240801,496.4244126
5.71368216,15.75748054,93.56575941
2.983803832,70.05093193,834.3066858
72.71489403,5.291279958,722.4432756
28.16076844,0.960504026,558.1902924
79.83161348,70.85783264,26.51427736
5.158994194,33.7108969,657.7466899
85.74857747,19.85443742,661.9769619
23.34979768,1.081366615,76.29581882
3.676240752,33.15124531,199.0253209
64.25196392,94.2536187,683.1428524
23.0654975,53.70554051,541.3504459
46.74078566,16.01066904,189.787004
75.80315529,70.68580766,39.56446823
30.14049023,47.01110768,209.5181611
94.24906818,90.34963858,309.7947881
69.03867065,80.84278166,509.061599
30.11483475,38.77498569,119.792298
98.2503313,51.19813083,757.2801413
83.54678308,70.14013503,91.03619739
17.96155962,80.17149059,839.9311335
13.64233239,1.274795651,272.7972099
23.63603436,41.87000748,515.6119203
79.33007845,34.36244336,49.25006567
26.37897629,4.081083396,97.75205137
69.72609518,14.32876629,811.8511199
71.37808399,81.64881502,551.5646378
92.16701378,23.77515015,774.1331418
8.946012884,65.54382781,713.7162402
5.501844489,25.49459848,888.8425188
32.77304357,2.514435696,772.4509358
77.80016129,26.21214058,792.214239
8.383956563,42.01391646,533.3232582
34.91495993,71.09901605,587.5776125
18.89591073,98.35987434,635.49055
17.48577126,5.765949765,653.1819431
33.51291631,87.40843724,621.5648409
75.1982186,58.47618506,687.2597951
19.39590569,5.021296563,415.2466307
80.44185183,20.46421106,776.8852719
36.67089286,56.43487357,520.0722941
3.854715835,90.25260869,963.7945505
68.49518127,85.6011758,966.0010003
79.89114374,8.132678385,689.2393418
22.62284534,9.027407925,372.9919418
79.33756028,70.99695355,86.34025506
4.533945152,64.83347844,877.982587
34.07841699,76.68302757,997.7259579
1.813784615,15.28823685,604.4231382
70.33283468,6.691954279,821.7659616
58.3698223,1.093175936,776.9372124
89.42160361,87.13352714,404.442327
73.00745293,97.64348921,903.156884
62.36420052,61.75092338,764.1037727
69.96856524,52.38033578,897.2860973
46.66502716,70.78705444,274.7597718
98.07733241,86.67712344,374.2306688
86.94963756,95.31291167,602.0997693
22.50864124,1.048634252,851.7344281
6.569425789,74.64467701,486.0391147
81.7974891,64.01063738,858.3277851
27.1066805,67.51546187,669.1585196
53.24327107,70.01283006,160.0681309
83.51173794,10.55424214,175.9116499
79.3080738,63.05168034,467.6532626
6.138262159,29.08165214,522.1541999
95.06981364,71.79552538,257.769902
4.331990646,78.35825002,728.7484266
47.65711112,7.44190038,154.2190137
42.31117744,6.278694378,397.6432699
36.11113789,14.93578052,319.0597175
49.90165323,86.94698905,758.2121641
55.63919717,96.06515922,780.0132578
39.64526189,12.11743688,385.9479304
92.30428547,97.10945938,816.2368773
37.45055531,17.65820969,465.5827506
24.51479819,60.38079908,875.4125959
82.03288576,20.6607216,396.3734653
15.33498689,87.31734122,545.087111
68.95131855,44.35276922,784.1415136
72.05976287,94.85902472,913.0735055
11.51788204,47.2591302,694.3952179
85.86501918,31.03408267,753.9632612
22.78357113,1.100845272,803.2215438
83.23269094,7.063152091,876.8058901
37.62216462,43.0337217,296.3060994
6.835588601,95.28648748,462.8479084
57.55040804,71.02754057,768.8590026
43.76551262,73.16720098,143.2022737
11.87915841,51.75035223,379.2255163
42.12278231,81.44697162,594.3955005
68.57778813,93.41297571,799.8325388
98.44403125,22.14553272,737.374536
90.136901,36.92395772,62.43363095
6.920140751,17.67962338,440.2848392
